-1e+10	-1e+10	-1e+10
-1e+10	-1e+10	-1e+10
-1e+10	-1e+10	-1e+10
-1e+10	-1e+10	-1e+10
-1e+10	-1e+10	-1e+10
-1e+10	-1e+10	-1e+10
-1e+10	-1e+10	-1e+10
-1e+10	-1e+10	-1e+10
-1e+10	-1e+10	-1e+10
-1e+10	-1e+10	-1e+10
-1e+10	-1e+10	-1e+10
-1e+10	-1e+10	-1e+10
-1e+10	-1e+10	-1e+10
-1e+10	-1e+10	-1e+10
-1e+10	-1e+10	-1e+10
-1e+10	-1e+10	-1e+10
-1e+10	-1e+10	-1e+10
-1e+10	-1e+10	-1e+10
-1e+10	-1e+10	-1e+10
-1e+10	-1e+10	-1e+10
-1e+10	-1e+10	-1e+10
-1e+10	-1e+10	-1e+10
-1e+10	-1e+10	-1e+10
-1e+10	-1e+10	-1e+10
-1e+10	-1e+10	-1e+10
-1e+10	-1e+10	-1e+10
-1e+10	-1e+10	-1e+10
-1e+10	-1e+10	-1e+10
-1e+10	-1e+10	-1e+10
-1e+10	-1e+10	-1e+10
-1e+10	-1e+10	-1e+10
-1e+10	-1e+10	-1e+10
-1e+10	-1e+10	-1e+10
-1e+10	-1e+10	-1e+10
-1e+10	-1e+10	-1e+10
-1e+10	-1e+10	-1e+10
-1e+10	-1e+10	-1e+10
-1e+10	-1e+10	-1e+10
-1e+10	-1e+10	-1e+10
-1e+10	-1e+10	-1e+10
-1e+10	-1e+10	-1e+10
-1e+10	-1e+10	-1e+10
-1e+10	-1e+10	-1e+10
-1e+10	-1e+10	-1e+10
-1e+10	-1e+10	-1e+10
-1e+10	-1e+10	-1e+10
-1e+10	-1e+10	-1e+10
-1e+10	-1e+10	-1e+10
-1e+10	-1e+10	-1e+10
-1e+10	-1e+10	-1e+10
-1e+10	-1e+10	-1e+10
-1e+10	-1e+10	-1e+10
-1e+10	-1e+10	-1e+10
-1e+10	-1e+10	-1e+10
-1e+10	-1e+10	-1e+10
-1e+10	-1e+10	-1e+10
-1e+10	-1e+10	-1e+10
-1e+10	-1e+10	-1e+10
-1e+10	-1e+10	-1e+10
-1e+10	-1e+10	-1e+10
4.1891	-1e+10	-1e+10
4.17736	0.00451016	0.0324998
4.19812	0.0153449	-0.0108304
4.20805	0.00766993	-0.00451946
4.21346	0.00451016	-0.00180006
4.21707	0.00316	-0.000900269
4.21978	0.00225496	-0.000909805
4.22158	0.00135493	-0.000890255
4.22249	0.000905037	-9.53674e-06
4.22339	0.00090003	-4.76837e-07
4.22429	0.000905037	1.04904e-05
4.2252	0.00180507	0.00178957
4.2279	0.00270486	1.00136e-05
4.23061	0.00316	0.000900269
4.23422	0.00406003	0.000899792
4.23873	0.00451493	1.00136e-05
4.24325	0.00406504	-0.000909805
4.24686	0.00451016	0.00180006
4.25227	0.0058651	0.000909805
4.25859	0.00632	0
4.26491	0.00541496	-0.00181007
4.26942	0.00676489	0.00450993
4.27844	0.0067699	-0.00449991
4.28296	0.000454903	-0.00813007
4.27935	-0.0067699	-0.00631952
4.26942	-0.00812483	0.00360966
4.2631	-0.00677013	-0.000900269
4.25588	-0.00992513	-0.00540972
4.24325	-0.01038	0.00449991
4.23512	-0.00812483	1.04904e-05
4.227	-0.00631499	0.00360918
4.22249	-0.00496507	-0.000909328
4.21707	-0.00496483	0.000909805
4.21256	-0.00406003	0.000899792
4.20895	-0.00361013	0
4.20534	-0.00316	0.000900269
4.20263	-0.00225496	0.000909805
4.20083	-0.00180507	-1.00136e-05
4.19902	-0.00225496	-0.000889778
4.19632	-0.00090003	0.00359964
4.19722	0.00090003	4.76837e-07
4.19812	0.00135016	0.000899792
4.19992	0.00270987	0.00181961
4.20354	0.0072248	0.00721025
4.21437	0.019855	0.0180502
4.24325	0.0234652	-0.0108299
4.2613	0.0121851	-0.0117302
4.26762	0.01895	0.02526
4.2992	0.0225599	-0.0180402
4.31274	-1e+10	-1e+10
-1e+10	-1e+10	-1e+10
-1e+10	-1e+10	-1e+10
-1e+10	-1e+10	-1e+10
-1e+10	-1e+10	-1e+10
-1e+10	-1e+10	-1e+10
-1e+10	-1e+10	-1e+10
-1e+10	-1e+10	-1e+10
-1e+10	-1e+10	-1e+10
-1e+10	-1e+10	-1e+10
-1e+10	-1e+10	-1e+10
-1e+10	-1e+10	-1e+10
-1e+10	-1e+10	-1e+10
-1e+10	-1e+10	-1e+10
-1e+10	-1e+10	-1e+10
-1e+10	-1e+10	-1e+10
-1e+10	-1e+10	-1e+10
-1e+10	-1e+10	-1e+10
-1e+10	-1e+10	-1e+10
-1e+10	-1e+10	-1e+10
-1e+10	-1e+10	-1e+10
-1e+10	-1e+10	-1e+10
-1e+10	-1e+10	-1e+10
-1e+10	-1e+10	-1e+10
-1e+10	-1e+10	-1e+10
-1e+10	-1e+10	-1e+10
-1e+10	-1e+10	-1e+10
-1e+10	-1e+10	-1e+10
-1e+10	-1e+10	-1e+10
-1e+10	-1e+10	-1e+10
-1e+10	-1e+10	-1e+10
-1e+10	-1e+10	-1e+10
-1e+10	-1e+10	-1e+10
-1e+10	-1e+10	-1e+10
-1e+10	-1e+10	-1e+10
-1e+10	-1e+10	-1e+10
-1e+10	-1e+10	-1e+10
-1e+10	-1e+10	-1e+10
-1e+10	-1e+10	-1e+10
-1e+10	-1e+10	-1e+10
-1e+10	-1e+10	-1e+10
-1e+10	-1e+10	-1e+10
-1e+10	-1e+10	-1e+10
-1e+10	-1e+10	-1e+10
-1e+10	-1e+10	-1e+10
-1e+10	-1e+10	-1e+10
-1e+10	-1e+10	-1e+10
-1e+10	-1e+10	-1e+10
4.28928	-1e+10	-1e+10
4.30823	0.0144401	-0.00901985
4.31816	0.00766993	-0.00452042
4.32357	0.012635	0.0144506
4.34343	0.019855	-1.04904e-05
4.36328	0.0185001	-0.00269938
4.38043	0.0153451	-0.00361061
4.39397	0.0135398	0
4.40751	0.011735	-0.00360966
4.41744	0.00812006	-0.00362015
4.42375	0.0058651	-0.000889778
4.42917	0.00496507	-0.000910282
4.43368	0.00450993	0
4.43819	0.0036099	-0.00180006
4.4409	0.0027101	4.76837e-07
4.44361	0.00225496	-0.000910759
4.44541	0.00135493	-0.000889301
4.44632	0.000455141	-0.000910282
4.44632	0.000449896	0.000899792
4.44722	0.00090003	4.76837e-07
4.44812	0.000905037	9.53674e-06
4.44903	0.000905037	-9.53674e-06
4.44993	0	-0.00180054
4.44903	-0.000905037	-9.53674e-06
4.44812	-0.000905037	9.53674e-06
4.44722	-0.000450134	0.000900269
4.44722	0	0
4.44722	0	0
4.44722	0	0
4.44722	0	0
4.44722	0	0
4.44722	0	0
4.44722	-0.000449896	-0.000899792
4.44632	-0.000905037	-1.04904e-05
4.44541	-0.000455141	0.000910282
4.44541	-0.000449896	-0.000899792
4.44451	-0.00134993	-0.000900269
4.44271	-0.00180507	-1.00136e-05
4.4409	-0.00180507	1.00136e-05
4.4391	-0.00135493	0.000890255
4.43819	-0.00180483	-0.00179005
4.43549	-0.000449896	0.00449991
4.43729	0.00406003	0.00451994
4.44361	0.00586987	-0.000900269
4.44903	0.00496483	-0.000909805
4.45354	0.00361013	-0.00179958
4.45625	0.0090251	0.0126295
4.47159	-1e+10	-1e+10
-1e+10	-1e+10	-1e+10
-1e+10	-1e+10	-1e+10
-1e+10	-1e+10	-1e+10
-1e+10	-1e+10	-1e+10
-1e+10	-1e+10	-1e+10
-1e+10	-1e+10	-1e+10
-1e+10	-1e+10	-1e+10
-1e+10	-1e+10	-1e+10
-1e+10	-1e+10	-1e+10
-1e+10	-1e+10	-1e+10
-1e+10	-1e+10	-1e+10
-1e+10	-1e+10	-1e+10
-1e+10	-1e+10	-1e+10
-1e+10	-1e+10	-1e+10
-1e+10	-1e+10	-1e+10
-1e+10	-1e+10	-1e+10
-1e+10	-1e+10	-1e+10
-1e+10	-1e+10	-1e+10
-1e+10	-1e+10	-1e+10
-1e+10	-1e+10	-1e+10
-1e+10	-1e+10	-1e+10
-1e+10	-1e+10	-1e+10
-1e+10	-1e+10	-1e+10
-1e+10	-1e+10	-1e+10
-1e+10	-1e+10	-1e+10
-1e+10	-1e+10	-1e+10
-1e+10	-1e+10	-1e+10
-1e+10	-1e+10	-1e+10
-1e+10	-1e+10	-1e+10
-1e+10	-1e+10	-1e+10
-1e+10	-1e+10	-1e+10
-1e+10	-1e+10	-1e+10
-1e+10	-1e+10	-1e+10
-1e+10	-1e+10	-1e+10
-1e+10	-1e+10	-1e+10
-1e+10	-1e+10	-1e+10
-1e+10	-1e+10	-1e+10
-1e+10	-1e+10	-1e+10
-1e+10	-1e+10	-1e+10
-1e+10	-1e+10	-1e+10
-1e+10	-1e+10	-1e+10
-1e+10	-1e+10	-1e+10
-1e+10	-1e+10	-1e+10
-1e+10	-1e+10	-1e+10
-1e+10	-1e+10	-1e+10
-1e+10	-1e+10	-1e+10
-1e+10	-1e+10	-1e+10
4.45354	-1e+10	-1e+10
4.45263	0	0.00181961
4.45354	0.00135493	0.000890255
4.45534	0.00090003	-0.00180006
4.45534	0	0
4.45534	0	0
4.45534	0	0
4.45534	0	0
4.45534	0.000455141	0.000910282
4.45625	0.000905037	-1.04904e-05
4.45715	0.00134993	0.000900269
4.45895	0.00225496	0.000909805
4.46166	0.00270987	0
4.46437	0.0027101	4.76837e-07
4.46708	0.0022552	-0.000910282
4.46888	0.00180483	9.53674e-06
4.47069	0.00316	0.00270081
4.4752	0.00496006	0.000899315
4.48061	0.00406003	-0.00269938
4.48332	0.0027101	-4.76837e-07
4.48603	0.00270987	0
4.48874	0.00225496	-0.000909805
4.49054	0.00180507	1.00136e-05
4.49235	0.00180507	-1.00136e-05
4.49415	0.00180507	1.00136e-05
4.49596	0.00180483	-1.04904e-05
4.49776	0.000899792	-0.00179958
4.49776	-0.000449896	-0.000899792
4.49686	-0.000449896	0.000899792
4.49686	-0.000449896	-0.000899792
4.49596	-0.000905037	-1.04904e-05
4.49505	-0.00135517	-0.000889778
4.49325	-0.00090003	0.00180006
4.49325	-0.000449896	-0.000899792
4.49235	-0.000449896	0.000899792
4.49235	0	0
4.49235	0	0
4.49235	0.000449896	0.000899792
4.49325	0.000449896	-0.000899792
4.49325	0.00090003	0.00180006
4.49505	0.00180507	1.00136e-05
4.49686	0.00225997	0.000899792
4.49957	0.0027051	-9.53674e-06
4.50227	0.0027051	9.53674e-06
4.50498	0.00270987	0
4.50769	0.00225496	-0.000909805
4.50949	0.00225496	0.000909805
4.5122	0.00225997	-0.000899792
4.51401	0.00180507	-1.00136e-05
4.51581	0.000450134	-0.00269985
4.51491	-0.000449896	0.000899792
4.51491	-0.000450134	-0.000900269
4.51401	-0.00180507	-0.0018096
4.5113	-0.00270987	0
4.50859	-0.0027051	9.53674e-06
4.50589	-0.00361013	-0.00181961
4.50137	-0.00586987	-0.00269985
4.49415	-0.00722003	-4.76837e-07
4.48693	-0.00722003	4.76837e-07
4.47971	-0.00902486	-0.00361013
4.46888	-0.00947499	0.00270987
4.46076	-0.00722003	0.00180006
4.45444	-0.00632	0
4.44812	-0.0090251	-0.00541019
4.43639	-0.01173	4.76837e-07
4.42466	-0.01038	0.00269938
4.41563	-0.00812507	0.00181055
4.40841	-0.00631499	0.0018096
4.403	-0.00406003	0.00270033
4.40029	-0.0036099	-0.00180006
4.39578	-0.0067699	-0.00451994
4.38675	-1e+10	-1e+10
-1e+10	-1e+10	-1e+10
-1e+10	-1e+10	-1e+10
-1e+10	-1e+10	-1e+10
-1e+10	-1e+10	-1e+10
-1e+10	-1e+10	-1e+10
-1e+10	-1e+10	-1e+10
-1e+10	-1e+10	-1e+10
-1e+10	-1e+10	-1e+10
-1e+10	-1e+10	-1e+10
-1e+10	-1e+10	-1e+10
-1e+10	-1e+10	-1e+10
-1e+10	-1e+10	-1e+10
-1e+10	-1e+10	-1e+10
-1e+10	-1e+10	-1e+10
-1e+10	-1e+10	-1e+10
5.29832	-1e+10	-1e+10
5.29832	-1e+10	-1e+10
-1e+10	-1e+10	-1e+10
-1e+10	-1e+10	-1e+10
-1e+10	-1e+10	-1e+10
-1e+10	-1e+10	-1e+10
-1e+10	-1e+10	-1e+10
-1e+10	-1e+10	-1e+10
-1e+10	-1e+10	-1e+10
-1e+10	-1e+10	-1e+10
-1e+10	-1e+10	-1e+10
-1e+10	-1e+10	-1e+10
-1e+10	-1e+10	-1e+10
-1e+10	-1e+10	-1e+10
-1e+10	-1e+10	-1e+10
-1e+10	-1e+10	-1e+10
-1e+10	-1e+10	-1e+10
-1e+10	-1e+10	-1e+10
-1e+10	-1e+10	-1e+10
4.28386	-1e+10	-1e+10
4.30101	0.02933	0.0243602
4.34252	0.0279748	-0.0270705
4.35696	0.0130899	-0.00269938
4.3687	0.0139952	0.00450993
4.38495	0.0130849	-0.00633049
4.39487	0.00811982	-0.00359964
4.40119	0.00722003	0.00180006
4.40931	0.0090251	0.00181007
4.41924	0.00857496	-0.00271034
4.42646	0.0067699	-0.000899792
4.43278	0.00632	0
4.4391	0.0054152	-0.0018096
4.44361	0.00361013	-0.00180054
4.44632	0.00225496	-0.000909805
4.44812	0.00225496	0.000909805
4.45083	0.00270987	0
4.45354	0.0027101	4.76837e-07
4.45625	0.0027051	-1.04904e-05
4.45895	0.00270486	1.00136e-05
4.46166	0.00180507	-0.0018096
4.46256	0.00135493	0.000909328
4.46437	0.00135493	-0.000909328
4.46527	0.00090003	-4.76837e-07
4.46617	0.000449896	-0.000899792
4.46617	0.000455141	0.000910282
4.46708	0.00135517	0.000889778
4.46888	0.00180483	9.53674e-06
4.47069	0.00180483	-9.53674e-06
4.47249	0.00180507	1.00136e-05
4.4743	0.00180507	-1.00136e-05
4.4761	0.00180507	1.00136e-05
4.47791	0.00135493	-0.000910282
4.47881	0.000449896	-0.000899792
4.47881	0	0
4.47881	0	0
4.47881	0	0
4.47881	0.000450134	0.000900269
4.47971	0	-0.00180054
4.47881	-0.00090003	4.76837e-07
4.47791	-0.00180483	-0.00181007
4.4752	-0.0027101	-4.76837e-07
4.47249	-0.0027101	4.76837e-07
4.46978	-0.00225496	0.000909805
4.46798	-0.00180507	-1.00136e-05
4.46617	-0.000905037	0.00181007
4.46617	0.000905037	0.00181007
4.46798	0.00135517	-0.000909805
4.46888	0.00180507	0.0018096
4.47159	0.00451493	0.00361013
4.47791	0.0058651	-0.000909805
4.48332	0.0058651	0.000909805
4.48964	0.0067699	0.000899792
4.49686	0.00902486	0.00361013
4.50769	0.0139899	0.00632
4.52484	0.0144401	-0.00541973
4.53657	-1e+10	-1e+10
-1e+10	-1e+10	-1e+10
-1e+10	-1e+10	-1e+10
-1e+10	-1e+10	-1e+10
-1e+10	-1e+10	-1e+10
-1e+10	-1e+10	-1e+10
-1e+10	-1e+10	-1e+10
-1e+10	-1e+10	-1e+10
-1e+10	-1e+10	-1e+10
-1e+10	-1e+10	-1e+10
-1e+10	-1e+10	-1e+10
-1e+10	-1e+10	-1e+10
-1e+10	-1e+10	-1e+10
-1e+10	-1e+10	-1e+10
-1e+10	-1e+10	-1e+10
-1e+10	-1e+10	-1e+10
-1e+10	-1e+10	-1e+10
-1e+10	-1e+10	-1e+10
-1e+10	-1e+10	-1e+10
-1e+10	-1e+10	-1e+10
-1e+10	-1e+10	-1e+10
-1e+10	-1e+10	-1e+10
-1e+10	-1e+10	-1e+10
-1e+10	-1e+10	-1e+10
-1e+10	-1e+10	-1e+10
-1e+10	-1e+10	-1e+10
-1e+10	-1e+10	-1e+10
-1e+10	-1e+10	-1e+10
4.42737	-1e+10	-1e+10
4.45534	0.019855	-0.0162296
4.46708	0.00948	-0.00452042
4.4743	0.00902486	0.00361013
4.48513	0.0090251	-0.00360966
4.49235	0.0054152	-0.00361013
4.49596	0.0036099	-4.76837e-07
4.49957	0.00315499	-0.000909328
4.50227	0.0027051	9.53674e-06
4.50498	0.00316	0.000900269
4.50859	0.00316	-0.000900269
4.5113	0.00270987	0
4.51401	0.00135493	-0.00270987
4.51401	-0.000905037	-0.00181007
4.5122	-0.00180507	1.00136e-05
4.5104	-0.00135493	0.000890255
4.50949	-0.00135493	-0.000890255
4.50769	-0.00225496	-0.000909805
4.50498	-0.00225496	0.000909805
4.50318	-0.00225496	-0.000909805
4.50047	-0.00316	-0.000900269
4.49686	-0.00361013	0
4.49325	-0.00316	0.000900269
4.49054	-0.00270987	0
4.48783	-0.00316	-0.000900269
4.48422	-0.000450134	0.00632
4.48693	0.00451493	0.00361013
4.49325	0.00948	0.00632
4.50589	0.0112801	-0.00271988
4.51581	0.0144401	0.00903988
4.53477	-1e+10	-1e+10
-1e+10	-1e+10	-1e+10
-1e+10	-1e+10	-1e+10
-1e+10	-1e+10	-1e+10
-1e+10	-1e+10	-1e+10
-1e+10	-1e+10	-1e+10
-1e+10	-1e+10	-1e+10
-1e+10	-1e+10	-1e+10
-1e+10	-1e+10	-1e+10
-1e+10	-1e+10	-1e+10
-1e+10	-1e+10	-1e+10
-1e+10	-1e+10	-1e+10
-1e+10	-1e+10	-1e+10
-1e+10	-1e+10	-1e+10
-1e+10	-1e+10	-1e+10
-1e+10	-1e+10	-1e+10
-1e+10	-1e+10	-1e+10
-1e+10	-1e+10	-1e+10
-1e+10	-1e+10	-1e+10
-1e+10	-1e+10	-1e+10
-1e+10	-1e+10	-1e+10
-1e+10	-1e+10	-1e+10
-1e+10	-1e+10	-1e+10
4.42285	-1e+10	-1e+10
4.42737	0.00406003	-0.000919819
4.43097	0.0036099	1.95503e-05
4.43459	0.00316	-0.000919342
4.43729	0.0027051	9.53674e-06
4.44	0.00316	0.000900269
4.44361	0.00316	-0.000900269
4.44632	0.00450993	0.00360012
4.45263	0.00722003	0.00182009
4.46076	0.0067699	-0.00272036
4.46617	0.00316	-0.00449944
4.46708	0.000455141	-0.000910282
4.46708	-0.000455141	-0.000910282
4.46617	-0.000905037	1.04904e-05
4.46527	-0.00270486	-0.00361013
4.46076	-0.00406003	0.000899792
4.45715	-0.00361013	0
4.45354	-0.0036099	4.76837e-07
4.44993	-0.0036099	-4.76837e-07
4.44632	-0.00451517	-0.00181007
4.4409	-0.0058651	-0.000889778
4.43459	-0.00586486	0.000890255
4.42917	-0.00496483	0.000909805
4.42466	-0.00225496	0.00450993
4.42466	0.00315499	0.00630999
4.43097	0.0103748	0.0081296
4.44541	0.01264	-0.00359917
4.45625	0.0121851	0.00268936
4.46978	0.0193999	0.0117402
4.49505	-1e+10	-1e+10
-1e+10	-1e+10	-1e+10
-1e+10	-1e+10	-1e+10
-1e+10	-1e+10	-1e+10
-1e+10	-1e+10	-1e+10
-1e+10	-1e+10	-1e+10
-1e+10	-1e+10	-1e+10
-1e+10	-1e+10	-1e+10
-1e+10	-1e+10	-1e+10
-1e+10	-1e+10	-1e+10
-1e+10	-1e+10	-1e+10
-1e+10	-1e+10	-1e+10
-1e+10	-1e+10	-1e+10
-1e+10	-1e+10	-1e+10
-1e+10	-1e+10	-1e+10
-1e+10	-1e+10	-1e+10
-1e+10	-1e+10	-1e+10
-1e+10	-1e+10	-1e+10
-1e+10	-1e+10	-1e+10
-1e+10	-1e+10	-1e+10
-1e+10	-1e+10	-1e+10
-1e+10	-1e+10	-1e+10
-1e+10	-1e+10	-1e+10
-1e+10	-1e+10	-1e+10
-1e+10	-1e+10	-1e+10
-1e+10	-1e+10	-1e+10
-1e+10	-1e+10	-1e+10
-1e+10	-1e+10	-1e+10
-1e+10	-1e+10	-1e+10
-1e+10	-1e+10	-1e+10
-1e+10	-1e+10	-1e+10
-1e+10	-1e+10	-1e+10
-1e+10	-1e+10	-1e+10
-1e+10	-1e+10	-1e+10
-1e+10	-1e+10	-1e+10
-1e+10	-1e+10	-1e+10
-1e+10	-1e+10	-1e+10
-1e+10	-1e+10	-1e+10
-1e+10	-1e+10	-1e+10
-1e+10	-1e+10	-1e+10
-1e+10	-1e+10	-1e+10
-1e+10	-1e+10	-1e+10
-1e+10	-1e+10	-1e+10
-1e+10	-1e+10	-1e+10
-1e+10	-1e+10	-1e+10
4.34433	-1e+10	-1e+10
4.35516	0.02527	0.0288792
4.39487	0.0279799	-0.0234594
4.41112	0.0144401	-0.00362015
4.42375	0.013535	0.00181007
4.43819	0.0144401	0
4.45263	0.011735	-0.00541019
4.46166	0.00812507	-0.0018096
4.46888	0.00947499	0.00450945
4.48061	0.0121849	0.000910282
4.49325	0.0108302	-0.00361967
4.50227	0.00857496	-0.000890732
4.5104	0.0067699	-0.0027194
4.51581	0.00496507	-0.000890255
4.52033	0.00496507	0.000890255
4.52574	0.00540996	-4.76837e-07
4.53115	0.00496483	-0.000889778
4.53567	0.00541997	0.00180006
4.54199	0.0058651	-0.000909805
4.5474	0.00406003	-0.00270033
4.55011	0.0027101	4.76837e-07
4.55282	0.00225496	-0.000910759
4.55462	0.00180483	1.04904e-05
4.55643	0.00135517	-0.000909805
4.55733	0.00135016	0.000899792
4.55913	0.00135493	-0.000890255
4.56004	0.000904799	-1.00136e-05
4.56094	0.000449896	-0.000899792
4.56094	0	0
4.56094	0.00090003	0.00180006
4.56274	0.0022552	0.000910282
4.56545	0.00225997	-0.000900745
4.56726	0.00135493	-0.000909328
4.56816	-0.000454903	-0.00271034
4.56635	-0.00316	-0.00269985
4.56184	-1e+10	-1e+10
-1e+10	-1e+10	-1e+10
-1e+10	-1e+10	-1e+10
-1e+10	-1e+10	-1e+10
4.24054	0	-2e+10
-1e+10	-1e+10	-1e+10
-1e+10	-1e+10	-1e+10
-1e+10	-1e+10	-1e+10
-1e+10	-1e+10	-1e+10
-1e+10	-1e+10	-1e+10
-1e+10	-1e+10	-1e+10
-1e+10	-1e+10	-1e+10
-1e+10	-1e+10	-1e+10
-1e+10	-1e+10	-1e+10
-1e+10	-1e+10	-1e+10
-1e+10	-1e+10	-1e+10
-1e+10	-1e+10	-1e+10
-1e+10	-1e+10	-1e+10
-1e+10	-1e+10	-1e+10
-1e+10	-1e+10	-1e+10
-1e+10	-1e+10	-1e+10
-1e+10	-1e+10	-1e+10
-1e+10	-1e+10	-1e+10
-1e+10	-1e+10	-1e+10
-1e+10	-1e+10	-1e+10
-1e+10	-1e+10	-1e+10
-1e+10	-1e+10	-1e+10
-1e+10	-1e+10	-1e+10
-1e+10	-1e+10	-1e+10
-1e+10	-1e+10	-1e+10
-1e+10	-1e+10	-1e+10
-1e+10	-1e+10	-1e+10
-1e+10	-1e+10	-1e+10
-1e+10	-1e+10	-1e+10
-1e+10	-1e+10	-1e+10
-1e+10	-1e+10	-1e+10
-1e+10	-1e+10	-1e+10
-1e+10	-1e+10	-1e+10
-1e+10	-1e+10	-1e+10
-1e+10	-1e+10	-1e+10
4.4391	-1e+10	-1e+10
4.44903	0.00812006	-0.00362015
4.45534	0.00856996	0.00451994
4.46617	0.00948	-0.00269985
4.4743	0.00767517	-0.000909805
4.48152	0.00451016	-0.00542021
4.48332	0.000449896	-0.00270033
4.48242	-0.00090003	4.76837e-07
4.48152	-0.000905037	-1.04904e-05
4.48061	0	0.00182056
4.48152	0.00135517	0.000889778
4.48332	0.00134993	-0.000900269
4.48422	0.00270987	0.00362015
4.48874	0.00541496	0.00179005
4.49505	0.00676513	0.000910282
4.50227	0.00677013	-0.000900269
4.50859	0.00586987	-0.000900269
4.51401	0.00632	0.00180054
4.52123	0.0058651	-0.00271034
4.52574	0.00405979	-0.000900269
4.52935	0.0036099	4.76837e-07
4.53296	0.0022552	-0.00270987
4.53386	-0.000905037	-0.00361061
4.53115	-0.00315499	-0.000889301
4.52755	-0.0036099	-2.0504e-05
4.52393	-0.00542021	-0.00360012
4.51671	-0.00631499	0.00181055
4.5113	-0.00540996	-4.76837e-07
4.50589	-0.0027051	0.00541019
4.50589	0.000450134	0.000900269
4.50679	0.000450134	-0.000900269
4.50679	0.00270486	0.00540972
4.5122	0.00947499	0.00813055
4.52574	0.0167	0.00631952
4.5456	0.0139899	-0.0117397
4.55372	-1e+10	-1e+10
-1e+10	-1e+10	-1e+10
-1e+10	-1e+10	-1e+10
-1e+10	-1e+10	-1e+10
-1e+10	-1e+10	-1e+10
-1e+10	-1e+10	-1e+10
-1e+10	-1e+10	-1e+10
-1e+10	-1e+10	-1e+10
-1e+10	-1e+10	-1e+10
-1e+10	-1e+10	-1e+10
-1e+10	-1e+10	-1e+10
-1e+10	-1e+10	-1e+10
-1e+10	-1e+10	-1e+10
-1e+10	-1e+10	-1e+10
-1e+10	-1e+10	-1e+10
-1e+10	-1e+10	-1e+10
-1e+10	-1e+10	-1e+10
-1e+10	-1e+10	-1e+10
-1e+10	-1e+10	-1e+10
-1e+10	-1e+10	-1e+10
-1e+10	-1e+10	-1e+10
4.42285	-1e+10	-1e+10
4.42014	-0.0027051	1.04904e-05
4.41744	-0.00225496	0.000889778
4.41563	-0.00180507	1.00136e-05
4.41383	0.00677013	0.0171404
4.42917	0.01579	0.000899315
4.44541	0.01489	-0.00269938
4.45895	0.0139902	0.000899792
4.47339	0.0139899	-0.000900269
4.48693	0.0112851	-0.00450945
4.49596	0.00812507	-0.00181055
4.50318	0.00721979	0
4.5104	0.00766993	0.000900269
4.51852	0.00767016	-0.000899792
4.52574	0.00677013	-0.000900269
4.53206	0.00586486	-0.000910282
4.53747	0.00496483	-0.000889778
4.54199	0.00406504	-0.000909805
4.5456	0.00361013	0
4.54921	0.00450993	0.00179958
4.55462	0.00496006	-0.000899315
4.55913	0.00496507	0.000909328
4.56455	0.00451493	-0.0018096
4.56816	0.0027101	-0.00180006
4.56997	0.00225496	0.000889778
4.57267	0.00270486	1.00136e-05
4.57538	0.0027101	4.76837e-07
4.57809	0.0027051	-1.04904e-05
4.58079	0.00270486	1.00136e-05
4.5835	0.00225997	-0.000899792
4.58531	0.00181007	0
4.58712	0.00134993	-0.000920296
4.58801	0.00090003	2.0504e-05
4.58892	0.00135517	0.000889778
4.59072	0.00135493	-0.000890255
4.59163	0.000904799	-1.00136e-05
4.59253	0.000449896	-0.000899792
4.59253	0	0
4.59253	0	0
4.59253	0.000450134	0.000900269
4.59343	0.000450134	-0.000900269
4.59343	0	0
4.59343	0.000454903	0.000909805
4.59434	0.00090003	-1.95503e-05
4.59523	0.00090003	1.95503e-05
4.59614	0.00135493	0.000890255
4.59794	0.00135493	-0.000890255
4.59885	0.000905037	-9.53674e-06
4.59975	0.00090003	-4.76837e-07
4.60065	-0.000450134	-0.00269985
4.59885	-0.00180483	-9.53674e-06
4.59704	-0.00180984	-4.76837e-07
4.59523	-0.000450134	0.00271988
4.59614	0.000905037	-9.53674e-06
4.59704	0.00090003	-4.76837e-07
4.59794	0.000904799	1.00136e-05
4.59885	0.00135493	0.000890255
4.60065	0.00180006	0
4.60245	0.00180507	1.00136e-05
4.60426	0.00135517	-0.000909805
4.60516	0.00135493	0.000909328
4.60697	0.00135994	-0.000899315
4.60788	0.00135517	0.000889778
4.60968	0.00224996	0.000899792
4.61238	0.00270486	1.00136e-05
4.61509	0.00722003	0.00902033
4.62682	0.0090301	-0.00540018
4.63315	0.0108349	0.00900984
4.64849	0.00901985	-0.01264
4.65119	0.0112801	0.0171604
4.67105	-1e+10	-1e+10
-1e+10	-1e+10	-1e+10
-1e+10	-1e+10	-1e+10
-1e+10	-1e+10	-1e+10
-1e+10	-1e+10	-1e+10
-1e+10	-1e+10	-1e+10
-1e+10	-1e+10	-1e+10
-1e+10	-1e+10	-1e+10
-1e+10	-1e+10	-1e+10
-1e+10	-1e+10	-1e+10
-1e+10	-1e+10	-1e+10
-1e+10	-1e+10	-1e+10
-1e+10	-1e+10	-1e+10
-1e+10	-1e+10	-1e+10
-1e+10	-1e+10	-1e+10
-1e+10	-1e+10	-1e+10
-1e+10	-1e+10	-1e+10
-1e+10	-1e+10	-1e+10
-1e+10	-1e+10	-1e+10
-1e+10	-1e+10	-1e+10
-1e+10	-1e+10	-1e+10
-1e+10	-1e+10	-1e+10
-1e+10	-1e+10	-1e+10
-1e+10	-1e+10	-1e+10
-1e+10	-1e+10	-1e+10
-1e+10	-1e+10	-1e+10
-1e+10	-1e+10	-1e+10
-1e+10	-1e+10	-1e+10
-1e+10	-1e+10	-1e+10
-1e+10	-1e+10	-1e+10
-1e+10	-1e+10	-1e+10
-1e+10	-1e+10	-1e+10
-1e+10	-1e+10	-1e+10
-1e+10	-1e+10	-1e+10
-1e+10	-1e+10	-1e+10
-1e+10	-1e+10	-1e+10
-1e+10	-1e+10	-1e+10
-1e+10	-1e+10	-1e+10
-1e+10	-1e+10	-1e+10
-1e+10	-1e+10	-1e+10
-1e+10	-1e+10	-1e+10
-1e+10	-1e+10	-1e+10
